[LEFT_CAM_2K]
cx = 1125.13
cy = 642.568
fx = 1399.7
fy = 1399.7
k1 = -0.175512
k2 = 0.0281593


[LEFT_CAM_FHD]
cx = 981.128
cy = 561.568
fx = 1399.7
fy = 1399.7
k1 = -0.175512
k2 = 0.0281593


[LEFT_CAM_HD]
cx = 649.064
cy = 369.284
fx = 699.848
fy = 699.848
k1 = -0.175512
k2 = 0.0281593


[LEFT_CAM_RESOLUTION_VGA]
cx = 339.532
cy = 191.642
fx = 349.924
fy = 349.924
k1 = -0.175512
k2 = 0.0281593


[RIGHT_CAM_2K]
cx = 1145.19
cy = 691.779
fx = 1399.51
fy = 1399.51
k1 = -0.173248
k2 = 0.0265899


[RIGHT_CAM_FHD]
cx = 1001.19
cy = 610.779
fx = 1399.51
fy = 1399.51
k1 = -0.173248
k2 = 0.0265899


[RIGHT_CAM_HD]
cx = 659.095
cy = 393.889
fx = 699.754
fy = 699.754
k1 = -0.173248
k2 = 0.0265899


[RIGHT_CAM_RESOLUTION_VGA]
cx = 344.547
cy = 203.945
fx = 349.877
fy = 349.877
k1 = -0.173248
k2 = 0.0265899


[STEREO]
BaseLine = 120.04
CV_2K = -0.000775611
CV_FHD = -0.000775611
CV_HD = -0.000775611
CV_RESOLUTION_VGA = -0.000775611
RX_2K = -0.00249154
RX_FHD = -0.00249154
RX_HD = -0.00249154
RX_RESOLUTION_VGA = -0.00249154
RZ_2K = -0.000395781
RZ_FHD = -0.000395781
RZ_HD = -0.000395781
RZ_RESOLUTION_VGA = -0.000395781
