[LEFT_CAM_2K]
cx=1104
cy=621
fx=1400
fy=1400
k1=-0.165
k2=0

[LEFT_CAM_FHD]
cx=960
cy=540
fx=1400
fy=1400
k1=-0.16
k2=0

[LEFT_CAM_HD]
cx=640
cy=360
fx=700
fy=700
k1=-0.16
k2=0

[LEFT_CAM_VGA]
cx=334.25
cy=186.25
fx=350
fy=350
k1=-0.15
k2=0

[RIGHT_CAM_2K]
cx=1104
cy=621
fx=1400
fy=1400
k1=0
k2=0

[RIGHT_CAM_FHD]
cx=960
cy=540
fx=1400
fy=1400
k1=0
k2=0

[RIGHT_CAM_HD]
cx=640
cy=360
fx=700
fy=700
k1=0
k2=0

[RIGHT_CAM_VGA]
cx=334.25
cy=186.25
fx=350
fy=350
k1=0
k2=0

[STEREO]
Baseline=120
CV_2K=0.01357
CV_FHD=0.0135
CV_HD=0.01351
CV_VGA=0.01358
RX_2K=0
RX_FHD=0
RX_HD=0
RX_VGA=0
RZ_2K=0
RZ_FHD=0
RZ_HD=0
RZ_VGA=0
